0.0
6.7
0.0
6.2
6.2
6.7
0.0
6.2
6.2
0.0
0.0
6.7
0.0
6.2
6.7
13.3
6.7
6.7
0.0
0.0
0.0
6.7
6.2
6.2
0.0
0.0
5.9
0.0
0.0
6.7
0.0
0.0
6.7
6.7
6.7
0.0
6.7
6.7
6.7
0.0
0.0
6.2
6.2
0.0
6.7
0.0
6.7
6.7
0.0
6.7
0.0
0.0
6.2
31.2
6.7
13.3
0.0
0.0
6.7
13.3
25.0
6.7
0.0
6.2
0.0
0.0
0.0
6.2
0.0
31.2
0.0
6.2
0.0
0.0
6.7
0.0
13.3
0.0
6.2
0.0
0.0
18.8
6.2
0.0
0.0
6.2
0.0
0.0
0.0
6.7
0.0
6.7
6.7
0.0
0.0
0.0
6.7
0.0
6.2
0.0
6.2
0.0
0.0
12.5
0.0
6.7
6.2
6.7
6.2
26.7
0.0
5.9
6.7
6.7
0.0
0.0
0.0
6.7
0.0
0.0
12.5
0.0
0.0
6.7
0.0
13.3
0.0
6.2
160.0
6.7
0.0
6.7
6.2
0.0
0.0
6.7
33.3
0.0
6.2
6.2
0.0
0.0
0.0
6.7
6.7
6.7
6.7
6.7
0.0
0.0
6.2
0.0
6.2
6.7
0.0
13.3
6.7
0.0
