20.0
25.0
20.0
13.3
26.7
12.5
20.0
31.2
20.0
13.3
26.7
20.0
13.3
18.8
12.5
20.0
20.0
20.0
12.5
12.5
18.8
20.0
18.8
18.8
13.3
13.3
13.3
20.0
13.3
18.8
26.7
13.3
13.3
18.8
6.7
20.0
26.7
6.2
20.0
13.3
13.3
6.2
18.8
13.3
26.7
6.7
18.8
25.0
13.3
20.0
20.0
6.7
18.8
6.2
13.3
13.3
6.7
12.5
20.0
13.3
13.3
18.8
13.3
33.3
13.3
20.0
13.3
20.0
20.0
6.2
12.5
13.3
20.0
12.5
20.0
13.3
20.0
20.0
18.8
20.0
20.0
18.8
6.7
20.0
13.3
26.7
13.3
13.3
13.3
20.0
6.2
18.8
6.2
13.3
6.2
13.3
6.2
6.7
6.2
6.7
13.3
13.3
12.5
20.0
18.8
6.7
13.3
6.7
13.3
26.7
20.0
12.5
25.0
6.7
6.7
20.0
26.7
12.5
20.0
18.8
13.3
20.0
20.0
20.0
13.3
12.5
31.2
20.0
25.0
13.3
20.0
13.3
18.8
26.7
26.7
20.0
20.0
13.3
18.8
20.0
13.3
13.3
13.3
20.0
20.0
13.3
6.7
25.0
13.3
40.0
20.0
20.0
18.8
13.3
26.7
31.2
13.3
20.0
25.0
13.3
31.2
33.3
20.0
26.7
6.7
18.8
20.0
33.3
37.5
26.7
18.8
18.8
20.0
6.7
31.2
31.2
12.5
6.7
26.7
6.2
18.8
26.7
18.8
46.7
18.8
18.8
12.5
26.7
20.0
13.3
26.7
25.0
6.7
26.7
12.5
18.8
12.5
20.0
26.7
20.0
6.7
13.3
20.0
13.3
20.0
18.8
26.7
37.5
6.2
26.7
40.0
13.3
12.5
6.2
6.7
13.3
33.3
26.7
26.7
12.5
13.3
18.8
26.7
6.7
20.0
20.0
13.3
26.7
40.0
13.3
13.3
12.5
25.0
13.3
6.2
13.3
40.0
26.7
18.8
20.0
13.3
20.0
