13.3
12.5
6.7
13.3
17.6
12.5
20.0
13.3
13.3
12.5
18.8
12.5
13.3
12.5
20.0
13.3
13.3
12.5
13.3
6.7
12.5
13.3
6.7
13.3
20.0
12.5
6.7
13.3
6.2
6.7
6.7
6.7
13.3
12.5
13.3
13.3
13.3
6.7
6.7
12.5
12.5
13.3
18.8
6.2
12.5
18.8
13.3
13.3
6.2
13.3
13.3
13.3
6.7
0.0
6.7
13.3
12.5
20.0
13.3
6.7
18.8
20.0
13.3
13.3
13.3
13.3
13.3
13.3
12.5
13.3
18.8
20.0
13.3
0.0
13.3
20.0
6.2
6.7
6.7
20.0
6.2
6.2
13.3
12.5
13.3
6.2
6.7
12.5
13.3
6.2
12.5
13.3
12.5
20.0
6.7
6.7
13.3
6.7
6.7
13.3
13.3
6.7
6.2
12.5
12.5
6.7
6.2
6.7
6.7
6.2
13.3
6.7
6.7
6.7
13.3
13.3
13.3
6.7
18.8
20.0
13.3
13.3
13.3
12.5
13.3
6.7
13.3
6.7
12.5
12.5
12.5
13.3
13.3
6.7
12.5
6.7
13.3
6.2
6.7
13.3
6.7
13.3
6.2
6.2
13.3
13.3
20.0
18.8
12.5
6.7
13.3
6.7
13.3
13.3
13.3
13.3
5.9
13.3
18.8
12.5
13.3
6.7
13.3
12.5
12.5
6.7
13.3
6.7
13.3
13.3
6.2
12.5
